Step	Training Loss
10	0.380906
20	0.262468
30	0.222031
40	0.200798
50	0.205559
60	0.214517
70	0.160826
80	0.199789
90	0.168389
100	0.147606
110	0.168118
120	0.118659
130	0.134895
140	0.127017
150	0.156151
160	0.122368
170	0.132468
180	0.132823
190	0.110875
200	0.108683
210	0.133446
220	0.107908
230	0.108691
240	0.141192
250	0.130399
260	0.137148
270	0.126788
280	0.121655
290	0.121282
300	0.146075
310	0.122401
320	0.081896
330	0.145448
340	0.148868
350	0.081946
360	0.090648
370	0.089618
380	0.091886
390	0.104846
400	0.097788
410	0.106424
420	0.119638
430	0.084989
440	0.103210
450	0.106805
460	0.101080
470	0.089983
480	0.096489
490	0.092718
500	0.116420
510	0.094682
520	0.101276
530	0.076435
540	0.088021
550	0.077224
560	0.090779
570	0.123925
580	0.111379
590	0.094539
600	0.121168
610	0.092192
620	0.083345
630	0.078676
640	0.067872
650	0.084627
660	0.093309
670	0.069696
680	0.074091
690	0.077470
700	0.091345
710	0.093747
720	0.079376
730	0.081885
740	0.081250
750	0.091181
760	0.080955
770	0.072878
780	0.084764
790	0.079998
800	0.074507
810	0.100770
820	0.078816
830	0.078456
840	0.075761
850	0.070551
860	0.073510
870	0.085165
880	0.064942
890	0.066773
900	0.068517
910	0.081701
920	0.084512
930	0.068258
940	0.084390
950	0.072699
960	0.082190
970	0.060986
980	0.066520
990	0.068092
1000	0.069238
1010	0.072405
1020	0.071029
1030	0.062037
1040	0.086173
1050	0.066301
1060	0.073691
1070	0.071515
1080	0.059169
1090	0.072341
1100	0.057367
1110	0.075923
1120	0.068535
1130	0.056253
1140	0.092731
1150	0.055701
1160	0.054286
1170	0.075967
1180	0.063049
1190	0.061467
1200	0.058086
1210	0.072013
1220	0.060083
1230	0.084149
1240	0.081181
1250	0.058775
1260	0.060121
1270	0.043210
1280	0.057360
1290	0.064569
1300	0.058378
1310	0.085618
1320	0.055831
